442185	60	23.77	17180	1	0	0	1	0
444003	60	38.93	25000	2	0	0	1	0
443576	80	20.60	19060	1	0	0	1	0
444015	90	16.25	10370	1	0	0	1	0
443841	120	4.20	2500	1	0	0	1	0
444016	149	19.07	15330	1	0	0	1	0
443987	150	26.48	16910	1	0	0	1	0
443888	150	26.03	19740	1	0	0	1	0
444000	210	16.55	6350	1	0	0	1	0
443468	240	0.03	23330	1	0	0	1	0
443475	240	42.43	29630	1	0	0	1	0
443935	240	260.57	14270	1	0	0	1	0
442364	240	26.63	17550	1	0	0	1	0
440446	255	21.05	11100	1	0	0	1	0
443817	260	84.27	90000	1	0	0	1	0
440462	270	70.40	70000	1	0	0	1	0
443999	270	13.15	10920	1	0	0	1	0
444001	270	22.13	12540	1	0	0	1	0
443753	270	21.27	7340	1	0	0	1	0
443873	280	0.03	80000	1	0	0	4	0
440435	285	63.52	70000	1	0	0	1	0
443894	285	21.37	18460	1	0	0	1	0
443970	290	68.17	41940	1	0	0	1	0
443938	290	18.60	6900	1	0	0	1	0
443566	290	17.77	9940	1	0	0	1	0
443840	300	20.83	8990	1	0	0	3	0
440516	300	354.67	29550	1	0	0	1	0
440582	300	26.25	16770	1	0	0	2	0
443914	300	227.03	235000	2	0	0	1	0
440526	300	0.05	19410	1	0	0	1	0
440477	300	0.18	28010	1	0	0	4	0
442789	300	41.42	23710	1	0	0	4	0
440486	300	330.28	22670	1	0	0	1	0
440506	300	0.07	21070	1	0	0	1	0
443209	315	45.00	21610	1	0	0	1	0
443984	315	372.02	19520	1	0	0	1	0
443810	315	20.13	10590	1	0	0	1	0
444006	315	349.02	5030	1	0	0	1	0
440423	315	105.82	26920	1	0	0	1	0
440496	315	348.52	18200	1	0	0	1	0
443893	315	0.02	5580	1	0	0	1	0
443902	315	0.03	5910	1	0	0	1	0
443921	320	37.83	25670	1	0	0	1	0
443904	330	0.13	13520	1	0	0	1	0
443766	330	57.48	25440	1	0	0	2	0
443964	340	22.33	18060	1	0	0	1	0
443862	345	40.00	10620	1	0	0	1	0
443994	345	12.40	4920	1	0	0	1	0
443471	350	20.15	17070	1	0	0	1	0
443767	360	400.38	6900	1	0	0	1	0
443769	360	25.28	7010	1	0	0	1	0
443770	360	40.45	10750	1	0	0	4	0
443645	360	28.62	13380	1	0	0	1	0
443903	360	52.58	20130	1	0	0	1	0
443695	370	25.93	8990	1	0	0	1	0
443965	370	22.67	20300	1	0	0	1	0
443922	375	16.33	12060	1	0	0	1	0
443923	375	36.72	19910	1	0	0	1	0
443988	375	30.90	17120	1	0	0	1	0
443993	375	0.03	21690	1	0	0	1	0
443867	375	20.33	10010	1	0	0	1	0
443971	380	0.13	17710	1	0	0	1	0
443972	380	23.38	10050	1	0	0	1	0
443933	380	16.17	9000	1	0	0	1	0
443685	380	40.00	14140	1	0	0	1	0
443941	380	40.00	17780	1	0	0	1	0
443690	380	36.52	20770	1	0	0	1	0
443381	380	76.28	25060	1	0	0	4	0
443895	380	22.65	14870	1	0	0	1	0
443907	390	16.02	8540	1	0	0	1	0
443979	390	5.45	3050	1	0	0	1	0
443725	390	23.63	8550	1	0	0	1	0
444046	390	0.02	11350	1	0	0	1	0
443730	390	23.73	8990	1	0	0	3	0
443928	390	19.68	7340	1	0	0	2	0
443737	390	22.05	8330	1	0	0	1	0
443883	390	19.08	6900	1	0	0	4	0
444013	390	16.77	11500	1	0	0	1	0
443376	390	31.07	25740	1	0	0	1	0
443890	390	9.45	3600	1	0	0	1	0
443571	390	11.42	4920	1	0	0	1	0
443469	400	11.20	7000	1	0	0	4	0
444014	405	21.32	13630	1	0	0	1	0
443889	405	33.60	21350	1	0	0	1	0
443985	410	39.62	13300	1	0	0	4	0
443777	420	66.67	28590	1	0	0	1	0
443591	420	0.32	19030	1	0	0	1	0
443937	420	26.47	8400	1	0	0	1	0
444005	420	60.30	22800	1	0	0	1	0
443975	430	48.58	12000	1	0	0	1	0
444028	431	34.40	10640	1	0	0	1	0
444017	435	8.60	3160	1	0	0	4	0
443963	435	40.93	17700	1	0	0	1	0
444030	439	76.45	16360	1	0	0	1	0
443775	440	80.35	18550	1	0	0	1	0
381634	445	15.92	4260	1	0	0	4	0
381379	445	5.30	6160	1	0	0	1	0
443779	450	37.00	13350	1	0	0	1	0
443865	450	81.08	29880	1	0	0	1	0
444004	450	58.45	20900	1	0	0	1	0
443772	450	119.30	8550	1	0	0	2	0
427046	455	9.50	2940	1	0	0	1	0
443776	460	20.00	5650	1	0	0	1	0
443490	465	29.57	15800	1	0	0	2	0
389257	470	556.32	32000	3	0	0	1	0
444048	470	0.03	11140	1	0	0	1	0
442719	480	28.40	17320	1	0	0	1	0
443986	495	11.85	2720	1	0	0	1	0
442800	495	0.02	17740	1	0	0	4	0
444022	495	560.32	8990	1	0	0	1	0
444036	505	568.23	11550	1	0	0	1	0
443781	510	39.63	19200	1	0	0	4	0
444002	510	552.93	3600	1	0	0	1	0
444037	517	9.02	9020	1	0	0	1	0
443915	525	0.23	21900	1	0	0	1	0
444035	535	23.15	4920	1	0	0	1	0
443783	540	44.20	20680	1	0	0	1	0
443934	540	28.17	8000	1	0	0	4	0
443561	540	50.05	15540	1	0	0	3	0
444038	560	16.68	9820	1	0	0	4	0
444043	565	9.48	2500	1	0	0	1	0
444032	570	618.52	8620	1	0	0	1	0
443464	570	7.22	11540	2	0	0	1	0
444073	570	1161.93	85000	2	0	0	1	0
444044	580	17.82	6020	1	0	0	1	0
444042	582	14.23	4700	1	0	0	4	0
443782	590	0.25	3000	1	0	0	1	0
444049	600	40.50	5800	1	0	0	1	0
443939	600	27.82	13300	1	0	0	1	0
444053	612	0.05	3160	1	0	0	4	0
444052	615	88.05	32900	1	0	0	1	0
444054	615	19.00	6680	1	0	0	1	0
444055	620	8.05	3270	1	0	0	1	0
435687	630	147.03	29000	1	0	0	1	0
444061	638	30.70	17940	2	0	0	1	0
444063	640	0.08	7730	1	0	0	1	0
444064	645	33.90	17310	1	0	0	1	0
444069	658	13.82	8430	1	0	0	1	0
444041	660	17.62	6640	1	0	0	2	0
444062	660	26.62	7700	1	0	0	1	0
444065	660	16.22	7790	1	0	0	1	0
444070	671	20.93	17240	2	0	0	1	0
444050	675	81.30	19460	1	0	0	4	0
444078	675	31.28	5800	1	0	0	1	0
444077	680	51.20	11740	1	0	0	1	0
444039	690	16.42	22200	1	0	0	1	0
443443	690	41.28	36780	1	0	0	1	0
444097	692	40.23	10420	1	0	0	1	0
444100	711	756.40	6790	1	0	0	4	0
444096	720	17.85	16120	2	0	0	1	0
444099	720	734.62	2500	1	0	0	4	0
444068	720	30.03	19090	1	0	0	1	0
444157	720	0.15	5910	1	0	0	1	0
444155	735	10.70	9660	1	0	0	1	0
443785	740	61.55	14820	1	0	0	1	0
444103	750	26.55	7120	1	0	0	4	0
444158	755	56.10	7000	1	0	0	1	0
442831	760	0.07	18810	1	0	0	1	0
444160	763	35.58	24700	1	0	0	1	0
444059	765	20.03	14900	1	0	0	1	0
444079	765	15.85	5310	1	0	0	1	0
444101	780	12.22	4370	1	0	0	1	0
443877	780	22.20	14000	1	0	0	3	0
444161	786	6.78	3270	1	0	0	1	0
444162	789	22.90	6570	1	0	0	4	0
444166	795	38.43	13090	1	0	0	1	0
444081	795	28.53	11690	1	0	0	1	0
444194	812	22.88	19710	1	0	0	4	0
444168	825	32.23	16680	2	0	0	1	0
444197	825	0.10	6350	1	0	0	1	0
444199	840	20.12	6130	1	0	0	1	0
444204	854	52.72	10100	1	0	0	1	0
444164	855	13.98	5530	1	0	0	1	0
444211	855	0.23	12540	1	0	0	1	0
444210	861	54.98	14160	1	0	0	2	0
444060	870	15.00	5800	1	0	0	1	0
444129	870	55.75	10530	1	0	0	2	0
444195	870	19.13	6200	1	0	0	1	0
443429	870	13.18	4260	1	0	0	1	0
444200	870	28.33	7620	1	0	0	1	0
444201	870	19.63	6130	1	0	0	1	0
444090	870	0.00	30000	3	0	0	1	0
444159	870	29.82	16820	2	0	0	1	0
444051	885	21.17	16820	1	0	0	1	0
444102	900	13.35	5800	1	0	0	1	0
443618	900	81.33	19990	1	0	0	1	0
444202	900	27.23	5250	1	0	0	4	0
444203	900	30.73	6350	1	0	0	1	0
444212	900	1062.28	21200	1	0	0	1	0
407159	900	0.13	12470	1	0	0	1	0
444206	915	7.27	5420	1	0	0	1	0
444220	917	20.03	5800	1	0	0	1	0
444227	918	31.48	9170	1	0	0	1	0
444219	920	0.15	6350	1	0	0	4	0
444071	925	20.22	7070	1	0	0	3	0
444232	929	72.98	30410	1	0	0	1	0
444033	930	11.45	9500	1	0	0	1	0
444205	930	22.82	6130	1	0	0	1	0
444216	930	15.62	4700	1	0	0	2	0
444218	930	58.50	16030	1	0	0	1	0
444229	940	104.65	23290	1	0	0	1	0
444233	940	61.33	20480	1	0	0	1	0
444214	945	22.83	5250	1	0	0	1	0
444241	952	0.12	21630	1	0	0	1	0
444207	960	0.02	8950	1	0	0	1	0
444031	975	0.07	7500	1	0	0	4	0
444273	977	14.82	6130	1	0	0	1	0
444237	986	22.87	6020	1	0	0	1	0
444058	990	20.02	5910	1	0	0	1	0
443876	990	23.63	14000	1	0	0	1	0
444196	1020	15.73	4040	1	0	0	1	0
444213	1020	44.65	17320	1	0	0	1	0
444279	1020	21.97	5360	1	0	0	1	0
444280	1020	42.72	10040	1	0	0	1	0
444305	1025	31.58	10380	1	0	0	2	0
444208	1035	29.03	18490	1	0	0	1	0
444313	1045	11.22	21290	1	0	0	4	0
381875	1050	8.65	5830	1	0	0	1	0
444215	1050	176.82	14900	1	0	0	1	0
444330	1061	77.12	15810	1	0	0	1	0
444274	1065	33.93	12180	1	0	0	1	0
443787	1070	4.28	3000	1	0	0	1	0
443378	1070	42.27	26830	1	0	0	1	0
444275	1070	30.18	20760	1	0	0	2	0
444352	1080	16.68	7340	1	0	0	1	0
389528	1080	0.02	32000	3	0	0	1	0
444277	1080	28.90	16010	1	0	0	1	0
444385	1095	67.25	26230	1	0	0	1	0
444386	1096	116.72	22960	1	0	0	1	0
444382	1107	0.05	11850	1	0	0	1	0
444389	1107	79.03	16320	1	0	0	1	0
444390	1108	258.08	113280	1	0	0	1	0
444383	1109	21.22	4040	1	0	0	1	0
444354	1110	136.48	26370	1	0	0	1	0
444355	1110	0.03	11110	1	0	0	1	0
444398	1127	66.30	23340	1	0	0	1	0
444318	1140	15.22	4880	1	0	0	1	0
444010	1155	26.02	5690	1	0	0	1	0
444421	1162	46.37	12180	1	0	0	1	0
444422	1164	55.42	9760	1	0	0	4	0
444294	1170	7.88	5870	1	0	0	1	0
443788	1170	43.03	10530	1	0	0	1	0
444311	1170	14.82	5250	1	0	0	4	0
444281	1170	15.42	4810	1	0	0	1	0
444425	1173	21.82	30710	1	0	0	1	0
444414	1185	0.12	4540	1	0	0	1	0
444420	1189	21.97	12300	1	0	0	1	0
444456	1198	33.05	11300	1	0	0	1	0
444331	1200	18.13	4000	1	0	0	1	0
444451	1211	19.78	13780	1	0	0	1	0
444399	1215	45.33	16350	1	0	0	1	0
444470	1215	3.48	48270	1	0	0	1	0
444455	1220	9.85	10000	2	0	0	4	0
444474	1222	34.22	16710	1	0	0	1	0
444476	1226	59.17	20100	1	0	0	1	0
444236	1240	34.23	13840	1	0	0	1	0
444358	1260	36.12	27000	1	0	0	1	0
444458	1260	11.57	4370	1	0	0	1	0
444409	1260	40.63	13170	1	0	0	1	0
444091	1260	27.27	9830	1	0	0	1	0
444453	1275	0.95	18320	1	0	0	1	0
444505	1290	16.20	7010	1	0	0	1	0
444454	1290	28.30	10860	1	0	0	1	0
443050	1290	32.90	20050	1	0	0	1	0
444539	1299	2.60	3000	1	0	0	1	0
444130	1305	33.30	11080	1	0	0	1	0
444457	1305	28.38	14460	1	0	0	1	0
444459	1305	14.80	6420	1	0	0	1	0
444463	1305	34.75	14040	1	0	0	1	0
444193	1315	30.53	27970	1	0	0	1	0
444423	1320	24.33	11070	1	0	0	1	0
444104	1320	16.33	9600	1	0	0	1	0
436497	1320	48.75	8000	2	0	0	1	0
444306	1320	38.22	8880	1	0	0	1	0
444307	1320	24.72	8220	1	0	0	1	0
444248	1320	27.38	21140	1	0	0	1	0
444314	1320	31.30	9650	1	0	0	1	0
444460	1320	17.67	10190	1	0	0	4	0
444400	1320	17.02	7810	1	0	0	1	0
444402	1320	30.33	9760	1	0	0	1	0
444407	1320	62.58	13720	1	0	0	1	0
444408	1320	0.03	11960	1	0	0	4	0
444473	1320	54.02	18120	1	0	0	1	0
444410	1320	30.03	19380	1	0	0	1	0
444569	1325	24.78	9790	1	0	0	1	0
444359	1335	21.87	17700	1	0	0	1	0
444394	1335	8.58	4040	1	0	0	1	0
444426	1340	26.43	14470	1	0	0	1	0
443512	1340	18.02	6460	1	0	0	1	0
444217	1340	25.88	20050	1	0	0	1	0
444286	1340	11.33	5140	1	0	0	1	0
444299	1350	23.72	14120	1	0	0	1	0
444238	1350	0.12	17510	1	0	0	1	0
444242	1350	27.17	12680	1	0	0	1	0
444498	1350	0.02	8350	1	0	0	1	0
444568	1350	48.77	12840	1	0	0	1	0
444572	1350	15.32	7230	1	0	0	1	0
442847	1350	19.15	15890	1	0	0	1	0
444450	1350	20.20	11800	1	0	0	1	0
444518	1350	15.72	12320	1	0	0	1	0
444538	1350	13.18	10150	1	0	0	1	0
444464	1365	13.25	8830	1	0	0	4	0
444575	1369	28.82	19420	1	0	0	1	0
444304	1380	56.72	9430	1	0	0	1	0
444309	1380	20.52	6790	1	0	0	1	0
443500	1380	31.18	12510	1	0	0	1	0
443703	1380	21.70	8880	1	0	0	1	0
444542	1380	26.52	21250	1	0	0	1	0
444415	1390	19.77	15280	1	0	0	1	0
444570	1395	24.88	15070	1	0	0	1	0
444325	1395	14.20	7220	1	0	0	1	0
444536	1395	15.47	4370	1	0	0	1	0
443715	1400	17.88	8110	1	0	0	4	0
443912	1400	26.53	13280	1	0	0	1	0
444353	1410	18.22	8110	1	0	0	1	0
443906	1410	15.85	8250	1	0	0	1	0
444573	1410	44.17	15360	1	0	0	1	0
444401	1410	24.98	17080	1	0	0	1	0
444465	1410	54.28	22200	1	0	0	1	0
444466	1410	5.13	3050	1	0	0	1	0
444527	1420	39.18	8100	1	0	0	1	0
444523	1425	53.90	5580	1	0	0	1	0
444580	1439	37.70	17290	1	0	0	1	0
444396	1439	79.28	27530	1	0	0	4	0
443709	1439	18.87	5250	1	0	0	1	0
444599	1471	19.55	5470	1	0	0	1	0
444598	1472	18.62	8140	1	0	0	1	0
444424	1500	22.73	17360	1	0	0	1	0
444499	1500	19.78	9060	1	0	0	1	0
444507	1500	29.00	23080	1	0	0	1	0
444512	1500	28.95	14960	1	0	0	1	0
444221	1500	9.82	3930	1	0	0	1	0
444604	1530	27.12	9320	1	0	0	1	0
444605	1533	16.53	11750	1	0	0	1	0
444609	1534	14.75	9600	1	0	0	1	0
444606	1542	0.07	4370	1	0	0	1	0
444607	1543	22.32	7010	1	0	0	1	0
444566	1620	33.13	25700	1	0	0	1	0
444541	1620	32.22	21380	1	0	0	1	0
444610	1631	11.15	4150	1	0	0	1	0
444574	1680	279.55	14050	1	0	0	1	0
444611	1688	32.62	10710	1	0	0	1	0
444243	1710	34.08	24980	1	0	0	1	0
443754	1710	18.67	7340	1	0	0	1	0
444589	1710	0.02	23570	1	0	0	1	0
444612	1715	37.17	13950	1	0	0	1	0
444613	1716	16.60	5690	1	0	0	1	0
444614	1717	37.88	21450	1	0	0	1	0
444381	1740	29.60	21900	1	0	0	1	0
444602	1740	8.82	6310	1	0	0	1	0
443811	1755	11.43	10920	1	0	0	1	0
444007	1755	12.02	4810	1	0	0	1	0
444579	1780	0.03	8220	1	0	0	4	0
443995	1785	16.30	5470	1	0	0	1	0
444578	1790	0.03	7850	1	0	0	1	0
444234	1800	0.07	12130	1	0	0	1	0
444504	1800	51.85	19550	1	0	0	1	0
444072	1800	0.03	20510	1	0	0	1	0
444397	1800	25.87	18660	1	0	0	1	0
443646	1800	25.75	12940	1	0	0	1	0
444045	1810	20.17	14470	1	0	0	1	0
443696	1810	432.90	10090	1	0	0	4	0
444471	1810	31.37	14220	1	0	0	1	0
444601	1810	29.23	21360	1	0	0	1	0
443966	1810	33.82	20190	1	0	0	1	0
444226	1815	21.75	15950	1	0	0	1	0
443924	1815	39.05	20240	1	0	0	1	0
443989	1815	15.02	17670	1	0	0	1	0
443868	1815	20.37	9570	1	0	0	1	0
444525	1815	0.50	11290	1	0	0	1	0
444413	1815	17.30	8280	1	0	0	1	0
443686	1820	21.72	13590	1	0	0	1	0
443942	1820	33.90	18000	1	0	0	1	0
444524	1820	23.52	11990	1	0	0	1	0
443382	1820	36.77	26740	1	0	0	1	0
443896	1820	20.33	14210	1	0	0	1	0
444537	1820	0.03	7370	1	0	0	1	0
444540	1820	20.88	9610	1	0	0	1	0
443908	1830	15.82	8430	1	0	0	1	0
443980	1830	6.57	2720	1	0	0	1	0
444813	1830	0.03	11440	1	0	0	1	0
443726	1830	32.78	8880	1	0	0	1	0
443731	1830	22.82	8690	1	0	0	4	0
443929	1830	15.70	6680	1	0	0	1	0
443738	1830	0.05	7780	1	0	0	1	0
444506	1830	13.23	4590	1	0	0	1	0
444517	1830	33.68	19600	1	0	0	2	0
443884	1830	17.20	7010	1	0	0	1	0
443572	1830	10.45	4480	1	0	0	1	0
444472	1830	21.47	9130	1	0	0	3	0
444623	1843	45.05	9100	1	0	0	4	0
444585	1850	40.45	22640	1	0	0	2	0
444587	1850	63.07	17160	1	0	0	1	0
444608	1860	93.60	26720	1	0	0	1	0
444616	1860	30.10	7670	1	0	0	1	0
444617	1860	464.97	18500	1	0	0	1	0
444618	1860	24.37	7740	1	0	0	1	0
444567	1860	34.27	14930	1	0	0	1	0
443976	1870	30.27	12000	1	0	0	1	0
444018	1875	9.35	3380	1	0	0	1	0
444278	1875	37.68	9980	1	0	0	1	0
444624	1878	40.00	24480	1	0	0	1	0
444588	1880	37.48	19860	1	0	0	4	0
444590	1880	163.33	14820	1	0	0	1	0
381635	1885	24.13	5690	1	0	0	1	0
381380	1885	40.00	6600	1	0	0	1	0
444625	1887	40.83	21980	1	0	0	4	0
439727	1890	52.67	29000	1	0	0	1	0
444600	1890	21.90	4590	1	0	0	1	0
442198	1900	6.23	2940	1	0	0	1	0
389258	1910	23.95	32000	3	0	0	1	0
444591	1910	51.45	11150	1	0	0	1	0
442813	1910	65.87	18430	1	0	0	1	0
444808	1918	56.45	14010	1	0	0	1	0
444293	1920	576.37	149000	1	0	0	1	0
444603	1920	25.60	14000	1	0	0	4	0
444156	1920	506.82	17000	1	0	0	1	0
444462	1935	44.38	18960	1	0	0	1	0
444810	1936	56.67	18150	1	0	0	2	0
443434	1950	42.25	20320	1	0	0	1	0
444169	1960	594.50	20490	1	0	0	1	0
444811	1965	19.75	11690	1	0	0	4	0
444576	1965	57.50	22160	1	0	0	1	0
444650	1965	25.57	13800	1	0	0	4	0
442801	1965	41.03	17700	1	0	0	4	0
444098	1970	32.85	15980	2	0	0	3	0
444594	1970	28.33	10530	1	0	0	1	0
444677	1980	44.58	17000	1	0	0	2	0
444040	1980	13.13	5470	1	0	0	1	0
444310	1980	55.30	19530	1	0	0	1	0
444586	1980	58.93	19180	1	0	0	1	0
443437	1980	37.90	24860	1	0	0	1	0
444809	1990	29.15	7230	1	0	0	1	0
444393	1990	38.78	8110	1	0	0	1	0
444593	2000	623.25	5690	1	0	0	1	0
444674	2010	17.95	8660	1	0	0	1	0
444291	2010	12.68	11460	1	0	0	1	0
444324	2010	27.02	5360	1	0	0	1	0
443623	2010	20.88	5360	1	0	0	1	0
442814	2025	24.45	19220	1	0	0	4	0
444817	2033	33.62	7780	1	0	0	1	0
444823	2034	18.18	5140	1	0	0	1	0
444830	2037	34.17	5910	1	0	0	1	0
444357	2040	19.83	18780	3	0	0	1	0
444818	2040	7.03	4260	1	0	0	1	0
443628	2040	58.68	25190	1	0	0	1	0
444827	2046	17.25	5910	1	0	0	1	0
444812	2050	32.77	24790	1	0	0	1	0
444834	2053	0.00	9430	1	0	0	1	0
444832	2060	73.92	12290	1	0	0	4	0
444831	2070	28.08	18670	1	0	0	4	0
435688	2070	786.68	29000	1	0	0	1	0
444082	2070	78.17	13890	1	0	0	1	0
444837	2076	60.12	17640	1	0	0	1	0
444838	2079	0.25	8870	1	0	0	1	0
444228	2100	72.03	12730	1	0	0	1	0
444814	2100	24.00	6680	1	0	0	4	0
444839	2113	26.33	26100	1	0	0	1	0
444577	2115	32.72	20570	1	0	0	1	0
444595	2120	25.78	7670	1	0	0	1	0
444846	2121	0.03	13820	1	0	0	1	0
444292	2130	0.38	14940	1	0	0	1	0
444824	2130	24.23	9280	1	0	0	1	0
444842	2130	0.05	5690	1	0	0	1	0
444848	2150	27.67	8730	1	0	0	1	0
444356	2160	764.10	19840	2	0	0	1	0
444388	2160	117.97	35610	1	0	0	1	0
444857	2160	57.10	7780	1	0	0	1	0
444851	2168	23.22	8010	1	0	0	1	0
444850	2169	12.58	6260	1	0	0	1	0
444852	2171	45.95	7450	1	0	0	1	0
444845	2175	22.48	6900	1	0	0	4	0
444854	2184	62.78	15770	1	0	0	1	0
444816	2185	28.05	19470	1	0	0	1	0
444843	2205	269.70	54080	1	0	0	1	0
444863	2206	20.45	6520	1	0	0	1	0
444873	2210	0.03	9100	1	0	0	1	0
444864	2218	39.02	10100	1	0	0	1	0
444395	2220	43.27	8220	1	0	0	3	0
444597	2220	23.00	5470	1	0	0	1	0
444869	2226	22.87	12870	1	0	0	2	0
444866	2229	22.58	5360	1	0	0	4	0
444086	2235	33.98	12030	1	0	0	1	0
444874	2248	20.92	6350	1	0	0	1	0
444879	2272	0.03	6130	1	0	0	1	0
444870	2280	8.07	3380	1	0	0	1	0
444877	2280	34.27	8670	1	0	0	1	0
444596	2280	40.00	7740	1	0	0	1	0
444881	2284	0.07	20960	1	0	0	1	0
444230	2300	26.58	8550	1	0	0	1	0
444880	2300	22.12	7950	1	0	0	4	0
444882	2300	58.87	14270	1	0	0	2	0
444872	2310	19.52	4920	1	0	0	4	0
444878	2310	20.63	5910	1	0	0	1	0
443430	2310	13.47	4150	1	0	0	1	0
444841	2310	76.87	17750	1	0	0	1	0
444886	2316	73.95	19390	1	0	0	1	0
444892	2337	23.25	12800	1	0	0	1	0
444875	2340	29.18	6900	1	0	0	1	0
444883	2340	104.12	16470	1	0	0	1	0
444884	2340	972.72	9440	1	0	0	1	0
444887	2340	21.92	6900	1	0	0	1	0
407160	2340	79.82	13280	1	0	0	1	0
444860	2340	25.10	17480	3	0	0	3	0
444888	2345	20.78	5250	1	0	0	4	0
444893	2349	16.27	7340	1	0	0	1	0
444862	2355	2.52	18880	3	0	0	1	0
444890	2360	15.48	15920	2	0	0	1	0
444898	2367	31.23	18390	1	0	0	1	0
444626	2370	13.27	9500	1	0	0	1	0
444948	2370	4.37	13680	1	0	0	1	0
444951	2387	83.27	20420	1	0	0	1	0
444923	2388	0.00	5200	1	0	0	3	0
444895	2390	57.48	8780	1	0	0	1	0
444889	2400	18.53	5910	1	0	0	1	0
444952	2406	62.73	11020	1	0	0	1	0
444955	2407	37.08	11630	1	0	0	1	0
444992	2412	13.60	7080	1	0	0	4	0
444651	2415	22.27	7500	1	0	0	4	0
444997	2426	10.78	6020	1	0	0	1	0
444844	2430	66.40	17420	1	0	0	1	0
445004	2443	0.03	8590	1	0	0	1	0
445008	2444	31.77	7340	1	0	0	1	0
444861	2445	0.00	7730	1	0	0	1	0
444891	2480	15.67	16540	2	0	0	1	0
445016	2489	29.12	7190	1	0	0	4	0
445000	2490	23.00	9160	1	0	0	1	0
445015	2490	19.95	9000	1	0	0	1	0
444896	2490	21.15	4920	1	0	0	1	0
381876	2490	24.65	8030	1	0	0	1	0
445029	2490	0.05	33390	1	0	0	1	0
445031	2494	105.33	25770	1	0	0	2	0
445020	2498	0.03	18970	1	0	0	1	0
445001	2500	1161.72	20570	1	0	0	1	0
445034	2507	100.83	20760	1	0	0	1	0
445038	2512	120.83	25820	1	0	0	1	0
445039	2513	79.30	19770	1	0	0	1	0
444993	2520	37.15	13890	1	0	0	1	0
442836	2520	0.03	21070	1	0	0	1	0
445017	2520	0.05	7950	1	0	0	1	0
389529	2520	29.90	32000	3	0	0	1	0
445049	2520	107.18	38180	1	0	0	1	0
444999	2530	41.30	7370	1	0	0	1	0
445042	2541	26.43	6460	1	0	0	4	0
445040	2544	40.85	7780	1	0	0	4	0
445066	2558	120.90	41780	1	0	0	4	0
445068	2559	40.00	50920	1	0	0	1	0
444867	2565	36.75	3820	1	0	0	1	0
444897	2565	19.58	4810	1	0	0	1	0
444894	2580	61.08	17830	1	0	0	1	0
444319	2580	12.35	4150	1	0	0	1	0
445014	2595	33.30	8500	1	0	0	1	0
444011	2595	17.65	5360	1	0	0	4	0
445082	2595	42.92	7120	1	0	0	4	0
445083	2595	61.25	18380	1	0	0	1	0
444295	2610	8.75	6200	1	0	0	1	0
444828	2610	19.18	15560	2	0	0	1	0
444282	2610	21.80	5360	1	0	0	2	0
445057	2640	14.02	7790	1	0	0	1	0
444957	2640	17.42	10000	2	0	0	1	0
445028	2640	23.35	5420	1	0	0	1	0
444332	2640	23.60	4000	1	0	0	1	0
443415	2650	29.37	33690	2	0	0	1	0
445101	2657	66.37	16250	1	0	0	1	0
444998	2670	0.10	15510	1	0	0	1	0
442832	2675	0.07	29410	1	0	0	1	0
445109	2676	40.00	66770	1	0	0	1	0
445102	2684	23.00	8880	1	0	0	1	0
443916	2690	24.18	25010	1	0	0	1	0
445073	2700	24.87	7010	1	0	0	1	0
445079	2700	49.22	13940	1	0	0	4	0
445103	2700	1.68	3930	1	0	0	1	0
445112	2700	50.82	13500	1	0	0	1	0
444092	2700	27.35	9650	1	0	0	4	0
444615	2715	18.00	6020	1	0	0	1	0
444235	2715	25.88	16350	1	0	0	1	0
445080	2715	25.43	8660	1	0	0	1	0
445114	2715	25.55	8330	1	0	0	1	0
445123	2723	19.87	10810	1	0	0	1	0
445090	2730	21.17	11220	1	0	0	1	0
444899	2730	27.58	17440	1	0	0	2	0
445097	2730	23.38	7560	1	0	0	1	0
445098	2730	0.17	5910	1	0	0	1	0
445100	2730	26.08	21090	1	0	0	1	0
444131	2745	33.47	11190	1	0	0	1	0
445120	2760	14.82	9600	1	0	0	1	0
445129	2760	17.57	12240	1	0	0	1	0
436498	2760	26.58	8000	2	0	0	1	0
445081	2760	44.72	15440	1	0	0	1	0
445085	2760	14.25	8780	1	0	0	2	0
445022	2760	18.68	12130	1	0	0	1	0
444461	2760	24.03	10480	1	0	0	1	0
444847	2760	16.35	12170	1	0	0	1	0
444403	2760	24.25	8770	1	0	0	1	0
445107	2760	28.95	10780	1	0	0	4	0
445111	2760	16.60	10370	1	0	0	1	0
444543	2760	32.98	21840	1	0	0	1	0
444360	2775	42.93	17920	1	0	0	1	0
445069	2775	15.98	11140	1	0	0	1	0
445089	2775	24.07	16940	1	0	0	1	0
445094	2775	41.75	12840	1	0	0	1	0
445060	2780	31.07	26680	1	0	0	4	0
444427	2780	27.97	13810	1	0	0	1	0
444876	2780	23.97	18120	1	0	0	1	0
445084	2780	18.68	16850	1	0	0	1	0
444287	2780	10.50	4920	1	0	0	1	0
445126	2790	0.03	24290	1	0	0	1	0
444300	2790	23.28	13570	1	0	0	1	0
445006	2790	12.63	6020	1	0	0	1	0
445086	2790	22.33	13120	1	0	0	1	0
445092	2790	17.33	4040	1	0	0	1	0
444519	2790	29.03	11410	1	0	0	1	0
445043	2790	31.20	17220	1	0	0	1	0
444533	2790	11.50	7010	1	0	0	1	0
445113	2790	35.47	22280	1	0	0	1	0
445050	2790	23.50	7450	1	0	0	1	0
445140	2808	26.55	19310	1	0	0	1	0
443704	2820	24.15	7780	1	0	0	1	0
445135	2823	25.43	10860	1	0	0	1	0
445138	2823	21.83	7670	1	0	0	1	0
444416	2830	0.03	15650	1	0	0	1	0
445124	2835	9.10	4590	1	0	0	1	0
445074	2835	28.75	15260	1	0	0	1	0
445087	2835	15.03	7550	1	0	0	1	0
443716	2840	2.82	7350	1	0	0	1	0
443913	2840	28.38	12510	1	0	0	1	0
443501	2840	31.30	14380	1	0	0	1	0
444528	2840	25.25	11000	1	0	0	1	0
445044	2840	18.98	8660	1	0	0	1	0
445128	2850	19.00	16750	1	0	0	1	0
445033	2850	15.82	8030	1	0	0	1	0
444467	2850	0.03	3160	1	0	0	1	0
445119	2850	20.00	7590	1	0	0	1	0
444581	2879	11.45	17180	1	0	0	1	0
443710	2879	58.80	6790	1	0	0	4	0
445151	2885	0.05	4040	1	0	0	1	0
443842	2890	6.77	4700	1	0	0	1	0
445136	2895	9.88	4150	1	0	0	1	0
444067	2895	36.73	26440	1	0	0	1	0
445132	2900	19.90	6900	1	0	0	1	0
445078	2910	40.58	18340	1	0	0	1	0
445122	2915	14.58	5360	1	0	0	1	0
445145	2920	8.25	2500	1	0	0	1	0
445061	2940	34.97	27820	1	0	0	4	0
444500	2940	16.93	8550	1	0	0	1	0
444508	2940	0.03	22860	1	0	0	1	0
444513	2940	27.52	15730	1	0	0	1	0
445110	2940	0.87	17470	1	0	0	1	0
445115	2940	20.62	4590	1	0	0	1	0
444222	2940	9.30	4920	1	0	0	1	0
445108	2970	20.73	8770	1	0	0	1	0
445161	2972	22.45	9430	1	0	0	1	0
445162	2981	16.67	7340	1	0	0	1	0
445165	3074	8.33	2940	1	0	0	1	0
444820	3100	27.35	15390	1	0	0	1	0
444821	3100	16.67	10990	1	0	0	1	0
445166	3117	18.10	8550	1	0	0	1	0
445160	3120	11.85	7300	1	0	0	1	0
445164	3120	15.63	11850	1	0	0	1	0
443755	3150	18.23	7010	1	0	0	1	0
445051	3150	22.85	18200	1	0	0	1	0
445077	3180	21.00	17320	1	0	0	1	0
445062	3190	0.05	11690	1	0	0	1	0
444885	3195	28.55	21000	2	0	0	1	0
443812	3195	22.87	11580	1	0	0	1	0
444008	3195	0.03	4810	1	0	0	1	0
444075	3195	0.02	3270	1	0	0	1	0
445048	3200	9.88	4590	1	0	0	1	0
445139	3210	39.52	18510	1	0	0	2	0
445054	3210	21.02	9990	1	0	0	1	0
445141	3220	33.77	8220	1	0	0	4	0
445142	3220	22.97	12250	1	0	0	1	0
445011	3225	14.82	8760	1	0	0	1	0
443996	3225	14.60	5140	1	0	0	1	0
445125	3230	18.78	18870	1	0	0	1	0
445143	3230	34.43	20990	1	0	0	1	0
444953	3230	20.35	7120	1	0	0	1	0
445093	3230	29.20	13060	1	0	0	1	0
445052	3230	25.43	18260	1	0	0	1	0
445134	3240	38.87	13240	1	0	0	1	0
445035	3240	0.25	21560	1	0	0	1	0
443647	3240	27.95	13270	1	0	0	1	0
445076	3250	32.37	14000	1	0	0	1	0
445154	3250	30.90	22020	1	0	0	1	0
445037	3250	15.08	9610	1	0	0	1	0
443967	3250	30.33	19750	1	0	0	1	0
443925	3255	35.92	19580	1	0	0	1	0
443990	3255	0.07	17560	1	0	0	1	0
443869	3255	406.22	9790	1	0	0	1	0
443687	3260	21.02	14470	1	0	0	1	0
443943	3260	29.30	17560	1	0	0	1	0
443692	3260	15.07	11850	1	0	0	1	0
443383	3260	0.02	25280	1	0	0	4	0
443897	3260	20.83	14650	1	0	0	2	0
443981	3270	16.17	3050	1	0	0	1	0
443727	3270	29.55	7560	1	0	0	1	0
445137	3270	408.23	2940	1	0	0	1	0
443732	3270	25.43	9100	1	0	0	4	0
443930	3270	19.68	7010	1	0	0	1	0
443739	3270	18.43	14990	1	0	0	1	0
445091	3270	10.63	6020	1	0	0	1	0
443885	3270	17.80	7780	1	0	0	1	0
443573	3270	10.85	4920	1	0	0	1	0
445180	3270	1.65	11330	1	0	0	1	0
444829	3290	20.80	18150	1	0	0	1	0
445169	3298	6.30	3000	1	0	0	1	0
444619	3300	17.65	7520	1	0	0	1	0
445167	3300	54.63	16980	1	0	0	1	0
444924	3300	33.35	19490	1	0	0	1	0
445171	3304	51.12	15690	1	0	0	4	0
445133	3315	11.65	5310	1	0	0	1	0
445088	3315	58.40	23800	1	0	0	1	0
444019	3315	10.38	4040	1	0	0	2	0
381636	3325	14.45	4590	1	0	0	1	0
381381	3325	11.50	6490	1	0	0	3	0
445019	3330	22.60	9110	1	0	0	1	0
445148	3330	29.80	4700	1	0	0	1	0
445027	3330	32.97	6020	1	0	0	1	0
445168	3330	36.45	11520	1	0	0	1	0
442199	3340	5.80	2940	1	0	0	1	0
445181	3345	0.05	12170	1	0	0	1	0
389259	3350	26.93	32000	3	0	0	1	0
445144	3352	21.45	7630	1	0	0	1	0
445070	3360	27.87	14000	1	0	0	4	0
445072	3360	13.57	20300	1	0	0	1	0
444840	3360	513.92	6960	1	0	0	1	0
445170	3360	30.75	13080	1	0	0	4	0
445065	3370	35.33	18460	1	0	0	1	0
445067	3370	40.62	18590	1	0	0	1	0
445146	3370	26.95	10490	1	0	0	2	0
444024	3375	17.82	8440	1	0	0	1	0
445147	3379	50.05	9760	1	0	0	4	0
445130	3390	28.38	6350	1	0	0	1	0
444988	3405	19.85	11580	1	0	0	1	0
445176	3414	0.03	10920	1	0	0	4	0
441473	3420	26.83	21260	1	0	0	1	0
445018	3420	26.67	10600	1	0	0	1	0
445183	3430	16.35	10450	1	0	0	1	0
445173	3435	22.70	8780	1	0	0	1	0
445172	3440	28.82	7340	1	0	0	1	0
445182	3440	22.00	7950	1	0	0	3	0
445071	3450	33.33	8330	1	0	0	1	0
445009	3450	19.68	8830	1	0	0	1	0
445149	3450	29.02	12760	1	0	0	1	0
445030	3450	29.33	16530	1	0	0	1	0
445159	3450	7.48	5360	1	0	0	1	0
445177	3450	30.17	8990	1	0	0	4	0
444987	3450	0.03	5690	1	0	0	1	0
445179	3450	26.78	6970	1	0	0	2	0
445184	3460	228.25	29450	1	0	0	1	0
445187	3470	54.37	10380	1	0	0	1	0
445055	3470	123.88	29450	1	0	0	1	0
445056	3480	23.17	6130	1	0	0	1	0
445185	3480	17.03	5580	1	0	0	1	0
445099	3480	37.60	15090	1	0	0	4	0
445198	3487	16.98	5470	1	0	0	4	0
445196	3494	59.93	14820	1	0	0	1	0
445200	3494	26.85	11140	1	0	0	1	0
445205	3498	0.03	21010	1	0	0	1	0
445201	3500	13.05	5750	1	0	0	1	0
444868	3510	10.68	2500	1	0	0	1	0
445063	3510	47.70	10200	1	0	0	1	0
445197	3510	23.68	5800	1	0	0	1	0
445204	3510	26.22	6080	1	0	0	1	0
435689	3510	120.52	29000	1	0	0	1	0
444083	3510	17.92	6790	1	0	0	1	0
445189	3525	60.37	13060	1	0	0	2	0
445208	3525	6.22	5420	1	0	0	4	0
445213	3525	13.97	7020	1	0	0	1	0
445178	3525	22.87	6240	1	0	0	1	0
445203	3526	674.32	3000	1	0	0	4	0
445211	3537	29.07	7560	1	0	0	4	0
445215	3539	690.33	8230	1	0	0	1	0
445190	3540	32.28	8440	1	0	0	1	0
445174	3540	37.10	8880	1	0	0	3	0
445214	3560	14.10	9330	1	0	0	1	0
445218	3566	8.73	10740	1	0	0	1	0
445010	3570	12.23	7290	1	0	0	1	0
445216	3570	2.50	21500	1	0	0	4	0
445222	3570	15.35	6080	1	0	0	1	0
445032	3570	47.85	19500	1	0	0	1	0
445224	3593	54.87	28540	2	0	0	1	0
444871	3600	2.33	2610	1	0	0	1	0
445220	3600	40.35	23190	1	0	0	4	0
445225	3602	22.87	6900	1	0	0	1	0
445219	3610	70.05	10370	1	0	0	1	0
445212	3615	68.82	13720	1	0	0	1	0
445227	3630	21.37	6740	1	0	0	4	0
445230	3631	20.53	5800	1	0	0	1	0
445233	3631	21.93	10300	1	0	0	1	0
445231	3634	20.97	5910	1	0	0	1	0
445186	3645	16.58	8690	1	0	0	4	0
445236	3656	17.62	10200	1	0	0	4	0
445058	3660	44.63	10970	1	0	0	1	0
445152	3660	35.52	7450	1	0	0	1	0
445226	3660	18.70	11640	1	0	0	1	0
444675	3675	0.02	7500	1	0	0	1	0
444087	3675	49.05	11910	1	0	0	1	0
445246	3682	32.50	8880	1	0	0	1	0
445240	3686	32.52	11000	1	0	0	1	0
445248	3689	66.97	16140	1	0	0	2	0
445191	3690	29.82	17980	1	0	0	1	0
445250	3695	66.40	22040	1	0	0	1	0
445005	3700	23.03	20000	1	0	0	1	0
445234	3700	18.62	15000	1	0	0	1	0
445251	3706	35.90	8990	1	0	0	1	0
445249	3720	54.82	11190	1	0	0	4	0
445257	3728	23.02	13240	1	0	0	1	0
445260	3733	29.20	15690	1	0	0	1	0
445235	3735	12.75	5090	1	0	0	3	0
445258	3748	22.53	6790	1	0	0	1	0
445188	3750	18.65	6860	1	0	0	4	0
445252	3750	34.00	6790	1	0	0	2	0
445255	3750	0.03	6020	1	0	0	1	0
445264	3757	9.47	17630	1	0	0	1	0
445265	3758	40.00	6350	1	0	0	1	0
445268	3775	103.12	45050	1	0	0	1	0
445253	3780	110.50	33310	1	0	0	1	0
445256	3780	20.15	8950	1	0	0	1	0
445259	3780	39.48	11190	1	0	0	1	0
407161	3780	58.97	11470	1	0	0	1	0
445274	3790	36.03	8670	1	0	0	1	0
445247	3795	21.23	6900	1	0	0	1	0
444627	3810	11.75	9500	1	0	0	1	0
445275	3810	11.45	6900	1	0	0	1	0
445238	3810	55.45	13060	1	0	0	3	0
445239	3810	38.03	17880	3	0	0	1	0
445278	3821	94.73	19550	1	0	0	1	0
445283	3829	0.03	15170	1	0	0	4	0
445195	3830	26.57	7120	1	0	0	1	0
445284	3836	0.05	7450	1	0	0	1	0
445254	3840	13.72	7680	1	0	0	4	0
445272	3840	17.83	9000	1	0	0	1	0
445287	3840	987.47	5690	1	0	0	1	0
445292	3841	25.12	17570	1	0	0	1	0
445289	3844	37.47	7450	1	0	0	1	0
445263	3855	16.25	6850	1	0	0	1	0
445294	3860	0.03	6790	1	0	0	4	0
445279	3865	11.22	7350	1	0	0	1	0
445271	3870	23.45	6750	1	0	0	4	0
445302	3870	28.03	19150	1	0	0	1	0
445297	3877	16.87	8120	1	0	0	1	0
445310	3891	52.38	20930	1	0	0	1	0
445199	3900	19.57	7780	1	0	0	1	0
445298	3900	22.92	8010	1	0	0	1	0
444859	3900	370.78	26410	1	0	0	1	0
445315	3903	27.88	7230	1	0	0	1	0
445320	3912	159.18	17570	1	0	0	1	0
445322	3914	49.12	18140	1	0	0	1	0
445326	3918	0.00	28550	1	0	0	1	0
445329	3926	88.67	21750	1	0	0	2	0
445002	3930	0.03	17000	1	0	0	1	0
445333	3930	32.08	15170	1	0	0	1	0
445296	3930	0.03	5580	1	0	0	4	0
381877	3930	40.00	6710	1	0	0	4	0
445352	3945	44.12	8440	1	0	0	1	0
445341	3947	114.70	35460	1	0	0	1	0
445304	3950	17.08	4480	1	0	0	2	0
445342	3954	63.10	17020	1	0	0	1	0
444994	3960	43.67	14220	1	0	0	1	0
445324	3960	0.05	7480	1	0	0	1	0
445267	3960	52.37	9430	1	0	0	1	0
389530	3960	34.62	32000	3	0	0	1	0
445153	3960	20.40	5690	1	0	0	4	0
445309	3960	0.05	7290	1	0	0	1	0
445345	3973	26.05	7080	1	0	0	4	0
445277	3975	42.77	16230	1	0	0	1	0
445228	3975	63.98	27430	1	0	0	4	0
445358	3978	66.02	12730	1	0	0	1	0
445354	3979	27.30	17370	1	0	0	1	0
445361	3985	103.37	23620	1	0	0	1	0
445353	3999	0.05	5470	1	0	0	2	0
445366	3999	71.20	18510	1	0	0	1	0
445359	4000	40.00	5250	1	0	0	1	0
445053	4000	38.15	20710	1	0	0	1	0
445368	4000	124.72	34400	1	0	0	1	0
444209	4015	28.60	20710	1	0	0	4	0
445374	4018	92.28	37600	1	0	0	1	0
445376	4019	0.40	11080	1	0	0	4	0
444320	4020	16.67	15980	2	0	0	1	0
445155	4020	22.78	11360	1	0	0	1	0
445157	4020	33.97	23630	1	0	0	1	0
445378	4023	42.50	14410	1	0	0	1	0
445372	4024	18.88	5360	1	0	0	1	0
445344	4035	32.05	5030	1	0	0	1	0
444012	4035	17.02	4810	1	0	0	1	0
445369	4037	26.15	16380	1	0	0	1	0
445383	4042	29.28	7560	1	0	0	1	0
444296	4050	10.48	6200	1	0	0	1	0
445323	4050	39.18	15170	1	0	0	1	0
445356	4050	18.42	5360	1	0	0	4	0
444283	4050	14.25	4920	1	0	0	1	0
445003	4055	35.28	20000	1	0	0	1	0
445156	4055	0.00	17370	1	0	0	1	0
444958	4080	0.02	6000	1	0	0	1	0
444333	4080	12.45	4000	1	0	0	1	0
445375	4080	35.95	29600	1	0	0	4	0
445384	4081	20.27	4810	1	0	0	4	0
445407	4086	46.63	23930	1	0	0	1	0
445392	4098	16.77	13630	1	0	0	1	0
445360	4100	23.18	19120	1	0	0	1	0
445408	4101	23.88	6240	1	0	0	1	0
445291	4110	18.67	7230	1	0	0	4	0
445415	4135	16.60	6680	1	0	0	1	0
445382	4140	35.62	15160	1	0	0	1	0
445395	4140	0.02	14770	1	0	0	1	0
445343	4140	33.30	11080	1	0	0	1	0
445104	4140	9.25	6000	1	0	0	1	0
444093	4140	28.37	9320	1	0	0	4	0
444900	4160	29.83	17330	1	0	0	1	0
445370	4170	25.10	15790	1	0	0	1	0
445371	4170	1337.20	15570	1	0	0	1	0
444132	4185	34.88	11300	1	0	0	1	0
445437	4186	39.78	21650	1	0	0	1	0
445438	4189	27.63	19020	1	0	0	1	0
445428	4194	23.60	3730	1	0	0	1	0
444544	4200	24.30	22680	1	0	0	1	0
445377	4200	15.27	5800	1	0	0	1	0
444106	4200	14.85	9820	1	0	0	1	0
445387	4200	34.15	11300	1	0	0	1	0
436499	4200	1359.35	8000	2	0	0	1	0
445401	4200	40.23	30410	1	0	0	1	0
445023	4200	20.60	7780	1	0	0	1	0
445346	4200	0.02	18390	1	0	0	1	0
445410	4200	33.57	12620	1	0	0	1	0
445347	4200	14.68	7590	1	0	0	1	0
445349	4200	54.18	18010	1	0	0	1	0
445351	4200	20.10	5910	1	0	0	1	0
445355	4200	22.65	11980	1	0	0	1	0
444404	4200	26.98	9100	1	0	0	4	0
445373	4200	15.92	13080	1	0	0	4	0
444361	4215	25.90	17590	1	0	0	1	0
444170	4215	0.02	18700	1	0	0	1	0
445388	4215	24.60	9870	1	0	0	1	0
445285	4215	16.15	11360	1	0	0	1	0
445041	4215	17.52	9390	1	0	0	1	0
445241	4215	26.42	18170	1	0	0	1	0
445242	4215	28.57	11960	1	0	0	1	0
444288	4220	12.17	5030	1	0	0	1	0
444428	4220	19.32	14140	1	0	0	1	0
445379	4230	21.68	12570	1	0	0	4	0
444301	4230	0.00	13680	1	0	0	1	0
445007	4230	14.05	6240	1	0	0	4	0
445396	4230	28.78	17270	1	0	0	1	0
445334	4230	0.05	4590	1	0	0	1	0
444520	4230	22.37	11840	1	0	0	1	0
445442	4234	0.37	8660	1	0	0	1	0
445446	4237	0.08	14690	1	0	0	1	0
445400	4245	0.02	14070	1	0	0	1	0
445409	4260	15.92	8780	1	0	0	1	0
445420	4260	18.63	5470	1	0	0	1	0
445427	4260	17.32	7450	1	0	0	1	0
443705	4260	27.58	9870	1	0	0	1	0
444239	4265	22.17	17460	1	0	0	1	0
445426	4265	12.28	4150	1	0	0	1	0
445448	4268	11.35	6020	1	0	0	1	0
444417	4270	0.18	16380	1	0	0	1	0
445075	4275	27.30	15260	1	0	0	1	0
444327	4275	14.67	7440	1	0	0	1	0
445422	4275	35.18	16170	1	0	0	1	0
443717	4280	23.87	7120	1	0	0	1	0
443502	4280	28.50	14270	1	0	0	4	0
445045	4280	22.08	9100	1	0	0	1	0
445452	4289	45.70	20290	1	0	0	1	0
445453	4289	20.13	22960	1	0	0	4	0
445411	4290	14.40	8140	1	0	0	1	0
444468	4290	6.18	3160	1	0	0	1	0
445439	4290	40.00	16640	1	0	0	1	0
445455	4292	19.60	6790	1	0	0	1	0
444529	4300	17.32	8210	1	0	0	1	0
445468	4309	55.42	14400	1	0	0	1	0
445338	4319	25.23	13060	1	0	0	1	0
445339	4319	56.80	12210	1	0	0	1	0
444582	4319	35.08	17400	1	0	0	1	0
443711	4319	4.30	6790	1	0	0	1	0
445466	4325	0.62	3820	1	0	0	4	0
443843	4330	6.42	2610	1	0	0	1	0
445470	4332	14.58	11640	1	0	0	1	0
445158	4335	32.52	18860	1	0	0	1	0
445472	4356	13.47	6240	1	0	0	1	0
445473	4369	18.32	13630	1	0	0	1	0
445454	4380	0.05	5250	1	0	0	1	0
445391	4380	47.48	20270	1	0	0	1	0
445393	4380	30.27	17630	1	0	0	1	0
445394	4380	24.43	19860	1	0	0	1	0
444501	4380	16.40	8950	1	0	0	1	0
444509	4380	31.35	22860	1	0	0	1	0
444514	4380	29.70	15510	1	0	0	1	0
445421	4380	23.07	17580	1	0	0	1	0
445116	4380	11.53	4590	1	0	0	1	0
444223	4380	10.33	4810	1	0	0	1	0
445475	4408	13.43	4700	1	0	0	1	0
445243	4410	21.30	15280	1	0	0	1	0
445404	4440	46.38	47160	1	0	0	1	0
445282	4455	0.07	26360	1	0	0	1	0
445397	4500	29.38	19750	1	0	0	1	0
445441	4560	4.20	14490	1	0	0	1	0
445321	4560	12.28	9930	1	0	0	1	0
445474	4560	12.95	7520	1	0	0	1	0
445175	4560	27.42	14000	1	0	0	1	0
445424	4590	18.93	8550	1	0	0	1	0
445417	4620	12.43	5250	1	0	0	1	0
445418	4620	14.37	7010	1	0	0	1	0
445416	4630	0.02	11800	1	0	0	1	0
443813	4635	22.98	10920	1	0	0	1	0
444009	4635	15.32	5360	1	0	0	1	0
444076	4635	6.97	3270	1	0	0	1	0
445406	4640	0.03	11080	1	0	0	1	0
445367	4640	6.62	4590	1	0	0	1	0
441032	4650	35.77	25970	1	0	0	1	0
445449	4650	50.12	20710	1	0	0	4	0
445405	4650	11.80	9390	1	0	0	1	0
445303	4650	15.80	9740	1	0	0	1	0
445012	4665	0.03	8210	1	0	0	1	0
443997	4665	15.40	4920	1	0	0	1	0
441033	4670	27.77	21900	1	0	0	1	0
445365	4670	25.08	20670	1	0	0	1	0
445021	4675	25.02	24860	1	0	0	1	0
443648	4680	26.25	13160	1	0	0	1	0
445444	4680	34.80	13130	1	0	0	1	0
445450	4680	17.37	7450	1	0	0	1	0
445301	4680	19.85	8110	1	0	0	1	0
443968	4690	30.35	19640	1	0	0	1	0
445413	4690	0.07	14440	1	0	0	4	0
445364	4690	17.48	27480	1	0	0	1	0
443926	4695	35.13	19580	1	0	0	1	0
443991	4695	0.08	17670	1	0	0	1	0
445451	4700	24.20	10890	1	0	0	1	0
443688	4700	24.20	14100	1	0	0	1	0
443944	4700	30.35	17670	1	0	0	1	0
443693	4700	14.12	7370	1	0	0	1	0
443384	4700	0.10	25500	1	0	0	4	0
443898	4700	19.35	14320	1	0	0	1	0
443982	4710	7.07	2720	1	0	0	1	0
443728	4710	26.17	8220	1	0	0	1	0
443733	4710	17.08	7810	1	0	0	4	0
443931	4710	20.85	7450	1	0	0	2	0
443740	4710	47.20	15500	1	0	0	1	0
445480	4710	0.03	10870	1	0	0	1	0
445419	4710	17.00	9090	1	0	0	1	0
443886	4710	19.83	7450	1	0	0	1	0
443698	4710	5.75	3160	1	0	0	1	0
443574	4710	10.63	4260	1	0	0	1	0
445477	4725	42.47	18660	1	0	0	1	0
445313	4740	0.17	13190	1	0	0	1	0
444620	4740	20.47	7520	1	0	0	1	0
445431	4740	0.00	6000	1	0	0	1	0
444925	4740	47.47	22090	1	0	0	1	0
445479	4746	34.40	8220	1	0	0	4	0
445476	4750	54.50	16870	1	0	0	1	0
445471	4755	0.08	5310	1	0	0	1	0
445443	4765	11.37	6490	1	0	0	3	0
381637	4765	13.60	4330	1	0	0	1	0
445434	4765	53.28	24000	2	0	0	1	0
445447	4770	0.08	13060	1	0	0	1	0
445458	4770	60.10	17630	1	0	0	4	0
445464	4770	30.88	6460	1	0	0	1	0
445232	4770	59.48	31780	1	0	0	1	0
445481	4774	27.12	4810	1	0	0	1	0
442200	4780	11.37	3270	1	0	0	1	0
445357	4780	47.57	11140	1	0	0	1	0
445325	4785	37.45	13080	2	0	0	4	0
445327	4785	25.33	11440	3	0	0	1	0
445330	4785	67.15	10840	2	0	0	1	0
389260	4790	24.28	32000	3	0	0	1	0
445328	4790	23.88	10110	1	0	0	2	0
445456	4800	46.22	23300	1	0	0	1	0
445457	4800	518.58	19170	1	0	0	2	0
445459	4800	0.02	27600	1	0	0	1	0
445269	4800	0.07	7010	1	0	0	4	0
445478	4800	29.12	14840	1	0	0	1	0
445311	4800	115.62	84000	2	0	0	1	0
445308	4810	23.62	14000	1	0	0	1	0
445193	4815	33.03	15280	1	0	0	1	0
445463	4815	29.25	6790	1	0	0	1	0
444025	4815	34.15	7560	1	0	0	1	0
445131	4830	28.07	6020	1	0	0	1	0
445331	4830	1.28	19650	1	0	0	4	0
445206	4830	12.80	4370	1	0	0	1	0
445462	4840	64.03	20080	1	0	0	1	0
445293	4840	30.28	7010	1	0	0	1	0
445445	4845	23.42	2940	1	0	0	1	0
444989	4845	34.78	13120	1	0	0	1	0
445385	4860	19.42	3820	1	0	0	1	0
445483	4860	35.67	9540	1	0	0	1	0
445299	4860	29.12	27680	2	0	0	1	0
445305	4860	54.92	11410	1	0	0	4	0
445316	4870	38.03	8000	1	0	0	4	0
445493	4875	14.12	5580	1	0	0	4	0
445317	4880	40.03	12960	1	0	0	1	0
445295	4880	173.73	40920	1	0	0	3	0
445306	4890	0.13	3600	1	0	0	1	0
444240	4895	0.10	23110	1	0	0	1	0
445485	4900	28.80	5470	1	0	0	1	0
445499	4900	0.05	5580	1	0	0	1	0
445501	4906	9.30	3380	1	0	0	1	0
445423	4920	30.12	7560	1	0	0	4	0
445487	4920	32.92	18210	1	0	0	2	0
445488	4920	19.92	5800	1	0	0	1	0
445508	4940	0.02	9170	1	0	0	1	0
435690	4950	761.18	29000	1	0	0	1	0
444084	4950	28.22	8450	1	0	0	1	0
445492	4950	724.63	11850	1	0	0	1	0
445494	4950	24.83	11560	1	0	0	1	0
445496	4950	14.63	3600	1	0	0	1	0
445502	4950	14.82	6080	1	0	0	1	0
445513	4965	44.88	7450	1	0	0	1	0
445519	4977	16.22	4370	1	0	0	2	0
445509	4980	24.65	12970	1	0	0	1	0
445390	4980	29.27	19000	1	0	0	1	0
443579	4980	21.18	16440	1	0	0	1	0
445244	4980	25.03	10930	1	0	0	1	0
445363	4985	34.92	20600	1	0	0	1	0
445520	4986	25.23	19520	1	0	0	1	0
445515	4988	14.48	4920	1	0	0	1	0
445510	4995	57.55	22980	1	0	0	1	0
445319	4995	743.10	16170	1	0	0	1	0
445486	4995	22.45	6750	1	0	0	1	0
445505	5000	26.57	3820	1	0	0	1	0
445521	5020	24.40	5580	1	0	0	1	0
445523	5020	0.08	8010	1	0	0	1	0
445522	5022	72.13	13500	1	0	0	4	0
445525	5040	28.37	7780	1	0	0	1	0
445527	5040	19.22	8220	1	0	0	4	0
445497	5040	12.10	6790	1	0	0	1	0
445529	5041	33.03	10920	1	0	0	1	0
445545	5056	20.08	6200	1	0	0	4	0
445498	5060	41.47	5360	1	0	0	1	0
445541	5067	28.13	7010	1	0	0	1	0
445332	5070	44.07	13060	3	0	0	1	0
445526	5070	35.12	4590	1	0	0	1	0
445335	5070	48.67	17940	2	0	0	4	0
445336	5070	50.35	18500	2	0	0	1	0
445547	5070	124.63	9570	1	0	0	1	0
445300	5070	25.33	26280	2	0	0	1	0
445548	5085	40.67	9270	1	0	0	1	0
445555	5086	29.30	7010	1	0	0	1	0
445318	5100	41.87	9210	1	0	0	2	0
445465	5100	25.50	6790	1	0	0	4	0
445533	5100	13.35	3490	1	0	0	1	0
445552	5100	28.72	17040	2	0	0	3	0
445557	5103	25.63	17810	1	0	0	1	0
445562	5111	0.03	17410	1	0	0	1	0
445558	5125	87.87	17640	1	0	0	1	0
444088	5125	25.33	11100	1	0	0	1	0
445561	5129	25.95	19110	1	0	0	1	0
445223	5130	857.20	21510	1	0	0	1	0
445245	5130	18.23	10270	1	0	0	4	0
445574	5145	0.07	10300	1	0	0	1	0
444858	5145	1012.85	22910	1	0	0	1	0
445564	5146	69.65	17050	1	0	0	1	0
445559	5160	36.28	10490	1	0	0	1	0
445575	5171	35.72	11410	1	0	0	1	0
445506	5190	21.00	17930	1	0	0	1	0
445576	5190	16.50	8120	1	0	0	1	0
443432	5190	12.65	4040	1	0	0	1	0
445546	5190	32.65	28740	1	0	0	1	0
445588	5192	29.75	6460	1	0	0	1	0
445577	5193	47.15	12950	1	0	0	1	0
445578	5194	17.60	6130	1	0	0	1	0
445467	5210	33.73	12510	1	0	0	1	0
445594	5220	27.57	13290	1	0	0	1	0
445537	5220	12.98	3820	1	0	0	4	0
407162	5220	50.80	11520	1	0	0	1	0
445563	5220	30.43	4040	1	0	0	1	0
445571	5240	34.98	7780	1	0	0	1	0
445572	5240	20.97	8450	1	0	0	1	0
445566	5250	107.60	38450	1	0	0	1	0
445595	5253	0.13	8220	1	0	0	1	0
445599	5255	56.48	23010	1	0	0	1	0
445597	5270	150.65	24500	1	0	0	1	0
445569	5280	19.53	5360	1	0	0	1	0
445469	5280	22.13	11990	1	0	0	1	0
445598	5280	0.03	11170	1	0	0	4	0
445495	5280	40.58	14020	1	0	0	1	0
442720	5285	29.20	20160	1	0	0	1	0
444652	5295	20.90	7500	1	0	0	4	0
445573	5310	33.80	9770	1	0	0	1	0
445603	5310	27.87	8890	1	0	0	1	0
445608	5313	35.38	7010	1	0	0	2	0
445524	5320	52.00	27000	2	0	0	1	0
445613	5333	0.03	7230	1	0	0	1	0
445606	5337	18.35	3160	1	0	0	4	0
445602	5340	39.32	10750	1	0	0	1	0
445580	5345	31.55	21370	1	0	0	2	0
445609	5353	23.63	9330	1	0	0	1	0
445554	5355	33.15	8110	1	0	0	1	0
445619	5355	90.73	14160	1	0	0	1	0
445620	5359	93.85	25700	1	0	0	1	0
445621	5359	126.18	33180	1	0	0	1	0
381878	5370	9.63	5720	1	0	0	1	0
445624	5379	0.07	5250	1	0	0	4	0
445630	5384	141.08	31350	1	0	0	1	0
445593	5385	13.58	5140	1	0	0	1	0
445610	5390	49.42	7670	1	0	0	4	0
444272	5395	36.07	18670	1	0	0	4	0
444995	5400	45.00	14660	1	0	0	1	0
445386	5400	0.02	20410	1	0	0	1	0
445270	5400	0.02	5250	1	0	0	4	0
389531	5400	22.47	32000	3	0	0	1	0
445549	5400	37.03	15260	1	0	0	1	0
445615	5400	19.47	8180	1	0	0	1	0
445616	5400	0.05	5140	1	0	0	1	0
445540	5405	47.67	25410	1	0	0	1	0
445636	5405	101.88	31120	1	0	0	1	0
445638	5411	112.25	22410	1	0	0	2	0
445645	5418	84.92	23710	1	0	0	4	0
445647	5423	0.05	30740	1	0	0	1	0
445648	5423	7.08	12180	1	0	0	1	0
445650	5427	176.58	77460	1	0	0	1	0
445627	5430	20.90	10990	1	0	0	1	0
445639	5436	40.00	9760	1	0	0	1	0
445617	5440	46.25	17000	1	0	0	1	0
445660	5454	0.13	25910	1	0	0	1	0
445642	5460	16.40	4040	1	0	0	2	0
444321	5460	16.15	9500	2	0	0	1	0
445611	5460	0.13	15040	1	0	0	1	0
445665	5468	32.68	8660	1	0	0	4	0
445671	5480	0.02	22760	1	0	0	1	0
445658	5489	29.58	7010	1	0	0	2	0
445634	5490	18.78	15840	2	0	0	4	0
444297	5490	9.72	6530	1	0	0	1	0
445614	5490	27.62	10230	1	0	0	1	0
445556	5490	47.63	20480	1	0	0	1	0
444284	5490	12.45	4590	1	0	0	1	0
443839	5495	40.28	22530	1	0	0	1	0
445675	5496	0.03	9340	1	0	0	4	0
445677	5509	25.03	6130	1	0	0	1	0
445640	5520	29.02	6190	1	0	0	1	0
445583	5520	26.27	9210	1	0	0	1	0
445652	5520	26.25	7780	1	0	0	1	0
444959	5520	13.43	10000	2	0	0	1	0
445667	5520	52.22	33660	1	0	0	1	0
444334	5520	17.08	4000	1	0	0	1	0
445679	5525	33.45	9980	1	0	0	1	0
445646	5535	29.58	8940	1	0	0	1	0
444833	5540	37.45	20930	1	0	0	1	0
445644	5550	36.27	14990	1	0	0	1	0
445685	5557	37.57	13940	1	0	0	1	0
445687	5559	47.37	20410	1	0	0	1	0
445688	5575	48.35	18560	1	0	0	1	0
445192	5580	26.52	20600	1	0	0	1	0
445651	5580	55.02	16030	1	0	0	4	0
445105	5580	11.08	3820	1	0	0	1	0
444094	5580	39.70	10310	1	0	0	1	0
445684	5581	57.10	21030	1	0	0	1	0
445596	5590	42.60	22210	1	0	0	1	0
445490	5590	0.02	18110	1	0	0	1	0
445689	5600	13.13	9540	1	0	0	1	0
445701	5607	25.80	8660	1	0	0	1	0
445429	5610	18.92	5140	1	0	0	1	0
445702	5622	33.70	19870	1	0	0	1	0
445705	5622	28.27	12140	1	0	0	1	0
445706	5623	30.83	19600	1	0	0	1	0
445654	5625	50.08	14050	1	0	0	1	0
444133	5625	31.50	10970	1	0	0	1	0
444545	5640	20.75	21800	1	0	0	1	0
445641	5640	17.65	11650	1	0	0	1	0
436500	5640	5.93	8000	2	0	0	1	0
445664	5640	34.58	11300	1	0	0	1	0
445348	5640	16.10	7370	1	0	0	1	0
444901	5640	15.53	6410	1	0	0	1	0
445350	5640	52.68	17310	1	0	0	4	0
445676	5640	13.07	8170	1	0	0	1	0
445678	5640	79.72	18190	1	0	0	1	0
445680	5640	22.67	12530	1	0	0	1	0
444405	5640	23.72	9430	1	0	0	1	0
444411	5640	28.43	18500	1	0	0	4	0
445567	5640	21.80	12060	1	0	0	1	0
444362	5655	24.28	18140	1	0	0	1	0
444171	5655	31.52	18810	1	0	0	1	0
445607	5655	27.23	19160	1	0	0	1	0
444289	5660	8.67	4920	1	0	0	1	0
444865	5660	25.00	20050	1	0	0	1	0
445707	5665	55.98	25720	1	0	0	1	0
445551	5665	58.48	33030	1	0	0	2	0
445699	5670	18.98	10850	1	0	0	1	0
445380	5670	21.13	12020	1	0	0	1	0
444302	5670	23.12	13460	1	0	0	1	0
445666	5670	13.22	6350	1	0	0	4	0
444521	5670	18.10	13160	1	0	0	1	0
445682	5670	27.97	8770	1	0	0	1	0
445683	5670	40.38	14050	1	0	0	1	0
444535	5670	14.55	7230	1	0	0	1	0
445709	5685	23.15	7560	1	0	0	1	0
445710	5685	69.43	25770	1	0	0	1	0
443132	5685	23.20	16190	1	0	0	1	0
445712	5690	34.42	15320	1	0	0	4	0
442790	5695	35.57	31450	1	0	0	1	0
445673	5700	20.40	13330	1	0	0	1	0
445674	5700	45.48	21290	1	0	0	1	0
443706	5700	21.33	8880	1	0	0	1	0
445713	5701	26.78	11190	1	0	0	1	0
444418	5710	16.73	15720	1	0	0	1	0
445704	5710	3.95	4370	1	0	0	1	0
445721	5710	30.27	22090	1	0	0	1	0
445696	5715	31.42	14600	1	0	0	1	0
445722	5715	24.87	14510	1	0	0	1	0
444328	5715	18.75	7190	1	0	0	1	0
443718	5720	20.73	6460	1	0	0	1	0
445668	5720	27.02	13390	1	0	0	1	0
445046	5720	25.55	8440	1	0	0	1	0
445440	5730	22.93	16750	1	0	0	4	0
443504	5730	20.55	6680	1	0	0	4	0
445693	5730	15.85	7700	1	0	0	1	0
444530	5740	40.00	8320	1	0	0	1	0
445698	5745	34.13	19740	1	0	0	1	0
445725	5751	17.13	11750	1	0	0	1	0
443712	5759	0.03	7560	1	0	0	1	0
445643	5759	33.15	16060	1	0	0	1	0
445340	5759	0.00	3050	1	0	0	1	0
445692	5759	73.03	4920	1	0	0	1	0
445694	5759	22.87	12750	1	0	0	1	0
443068	5785	21.02	16800	1	0	0	1	0
445703	5790	28.30	17000	1	0	0	1	0
443515	5790	15.57	4370	1	0	0	1	0
445734	5797	19.30	10700	1	0	0	1	0
445733	5804	25.15	16560	1	0	0	1	0
444224	5820	9.25	4700	1	0	0	1	0
445700	5820	23.20	17910	1	0	0	1	0
444502	5820	15.83	9390	1	0	0	1	0
444510	5820	32.45	22530	1	0	0	1	0
444515	5820	29.72	15510	1	0	0	1	0
445117	5820	12.77	4700	1	0	0	4	0
445735	5822	0.07	3820	1	0	0	1	0
445503	5850	29.68	15160	1	0	0	1	0
445637	5880	30.85	20860	1	0	0	1	0
445653	5880	30.53	24330	1	0	0	1	0
445739	5895	12.45	8340	1	0	0	1	0
445740	5941	0.08	12620	1	0	0	1	0
445715	5950	21.95	14000	1	0	0	1	0
445716	6000	34.07	14160	1	0	0	1	0
445737	6000	0.03	6240	1	0	0	1	0
445591	6030	24.23	24750	1	0	0	1	0
445425	6030	21.65	8990	1	0	0	1	0
445514	6050	24.05	18000	1	0	0	1	0
445719	6075	15.20	10080	1	0	0	1	0
445612	6075	17.35	15200	1	0	0	1	0
445489	6075	0.02	3270	1	0	0	1	0
445742	6090	17.22	7120	1	0	0	1	0
445743	6090	18.95	6460	1	0	0	1	0
445744	6090	9.72	4920	1	0	0	1	0
445013	6105	12.92	8100	1	0	0	1	0
443998	6105	14.85	5030	1	0	0	1	0
445659	6110	22.35	7780	1	0	0	1	0
445663	6110	30.10	12180	1	0	0	1	0
445681	6110	0.05	18670	1	0	0	1	0
445628	6115	19.37	18650	1	0	0	1	0
443649	6120	34.28	15360	1	0	0	1	0
443814	6120	19.45	11430	1	0	0	1	0
445691	6120	36.10	13970	1	0	0	1	0
443722	6130	25.67	9540	1	0	0	1	0
445662	6130	32.32	14060	1	0	0	1	0
443927	6135	1.08	19800	1	0	0	1	0
443992	6135	27.88	17560	1	0	0	1	0
445718	6140	16.85	10230	1	0	0	1	0
445724	6140	38.03	20350	1	0	0	1	0
445726	6140	19.20	9720	1	0	0	1	0
443689	6140	0.02	14140	1	0	0	1	0
443945	6140	34.92	17340	1	0	0	1	0
443385	6140	0.03	25170	1	0	0	4	0
445717	6145	32.32	19270	1	0	0	2	0
443983	6150	8.40	2720	1	0	0	1	0
443729	6150	28.15	7890	1	0	0	1	0
443734	6150	19.92	8030	1	0	0	4	0
445723	6150	53.80	18010	1	0	0	1	0
443932	6150	21.48	7670	1	0	0	1	0
443741	6150	41.58	22390	1	0	0	1	0
443887	6150	20.10	7560	1	0	0	4	0
443575	6150	11.97	4370	1	0	0	1	0
445728	6170	52.00	19940	1	0	0	2	0
445568	6180	23.80	14300	1	0	0	1	0
444621	6180	19.35	7850	1	0	0	1	0
445720	6180	19.98	9940	1	0	0	4	0
444926	6180	34.23	20770	1	0	0	1	0
444021	6195	0.03	3270	1	0	0	1	0
445560	6195	362.90	101540	1	0	0	4	0
445727	6200	53.95	24350	1	0	0	1	0
381638	6205	14.65	4260	1	0	0	1	0
381383	6205	0.03	6380	1	0	0	4	0
445746	6207	35.13	10710	1	0	0	1	0
445729	6210	47.10	11630	1	0	0	1	0
444949	6220	32.38	8110	1	0	0	1	0
442201	6220	15.08	3270	1	0	0	2	0
445579	6225	25.50	11820	2	0	0	1	0
445581	6225	22.77	11680	2	0	0	4	0
445582	6225	34.10	12100	2	0	0	1	0
389261	6230	24.95	32000	3	0	0	1	0
445748	6235	19.42	7670	1	0	0	1	0
445711	6240	0.07	4480	1	0	0	1	0
445745	6240	54.65	12400	1	0	0	4	0
445690	6240	16.27	4920	1	0	0	1	0
445553	6255	17.10	11800	1	0	0	1	0
445747	6255	29.50	8500	1	0	0	4	0
445623	6255	37.43	8000	1	0	0	1	0
444026	6255	14.52	7120	1	0	0	1	0
445657	6270	21.48	5690	1	0	0	2	0
445217	6270	20.30	17510	1	0	0	1	0
445738	6270	26.28	7340	1	0	0	1	0
445631	6280	33.55	20000	1	0	0	1	0
444990	6285	86.90	12460	1	0	0	1	0
445661	6305	0.38	10070	1	0	0	1	0
445565	6320	595.65	12350	1	0	0	4	0
445756	6324	0.03	17100	2	0	0	1	0
445750	6328	56.13	22440	1	0	0	1	0
445273	6330	29.35	7230	1	0	0	1	0
445757	6330	11.73	7700	1	0	0	1	0
445768	6359	45.17	6460	1	0	0	1	0
445766	6363	41.30	13890	1	0	0	1	0
445770	6371	21.50	17240	1	0	0	1	0
445764	6375	26.13	7670	1	0	0	1	0
445769	6375	0.02	4150	1	0	0	1	0
445759	6380	44.62	15640	1	0	0	1	0
445778	6390	688.30	11930	1	0	0	1	0
445655	6390	31.75	9500	1	0	0	1	0
435691	6390	130.85	29000	1	0	0	1	0
444085	6390	26.88	8890	1	0	0	1	0
445783	6400	59.47	13950	1	0	0	1	0
445782	6401	189.62	35610	1	0	0	4	0
445763	6405	109.75	60810	1	0	0	1	0
445786	6415	141.97	31930	1	0	0	2	0
445773	6420	63.33	11140	1	0	0	4	0
445775	6420	27.75	8390	1	0	0	1	0
445758	6420	85.68	16650	1	0	0	4	0
445787	6422	22.83	7700	1	0	0	1	0
445785	6423	25.75	9540	1	0	0	1	0
445788	6426	56.92	11740	1	0	0	1	0
445790	6438	24.55	7960	1	0	0	1	0
445779	6440	19.63	9330	1	0	0	1	0
445800	6447	30.40	6350	1	0	0	1	0
445761	6450	14.93	5470	1	0	0	1	0
445656	6450	31.45	9280	1	0	0	1	0
445792	6450	17.55	3820	1	0	0	1	0
445823	6461	39.68	7230	1	0	0	1	0
445512	6465	19.87	7870	1	0	0	1	0
445821	6465	0.07	2830	1	0	0	1	0
445820	6467	70.33	10090	1	0	0	1	0
445767	6480	761.10	16800	3	0	0	1	0
407066	6480	67.33	13170	1	0	0	1	0
445822	6481	26.73	13020	1	0	0	1	0
445813	6495	24.75	13330	1	0	0	1	0
445831	6504	77.90	8610	1	0	0	1	0
445829	6510	24.08	3600	1	0	0	1	0
445835	6510	0.05	7900	1	0	0	1	0
445584	6510	30.03	11540	2	0	0	1	0
445585	6510	32.05	16260	2	0	0	4	0
445586	6510	26.00	16800	2	0	0	1	0
445791	6510	38.62	5250	1	0	0	1	0
445833	6519	0.02	17700	1	0	0	1	0
445825	6540	63.97	12400	1	0	0	1	0
445842	6540	48.78	14890	1	0	0	1	0
445780	6540	143.38	44030	1	0	0	1	0
445847	6550	33.68	16280	1	0	0	1	0
445851	6551	39.83	10040	1	0	0	1	0
445852	6551	24.88	15060	1	0	0	1	0
444089	6555	38.85	10430	1	0	0	1	0
445857	6569	25.35	15160	1	0	0	1	0
445856	6570	36.73	9820	1	0	0	1	0
445875	6572	40.00	13390	1	0	0	2	0
445858	6573	23.65	6240	1	0	0	1	0
445861	6580	22.23	5690	1	0	0	1	0
445871	6582	15.45	9060	1	0	0	1	0
445879	6590	20.03	19000	1	0	0	1	0
445880	6597	58.87	11850	1	0	0	1	0
445762	6600	38.20	9980	1	0	0	1	0
445832	6600	143.95	23100	1	0	0	4	0
445881	6602	877.22	9210	1	0	0	1	0
445883	6610	160.83	26600	1	0	0	1	0
445826	6625	36.53	21220	3	0	0	1	0
445550	6625	30.32	18930	1	0	0	4	0
445633	6630	42.43	25000	3	0	0	1	0
445517	6630	13.48	12060	1	0	0	1	0
443433	6630	11.62	4370	1	0	0	4	0
445886	6644	44.35	16900	1	0	0	1	0
445804	6645	39.57	15090	1	0	0	1	0
445276	6660	25.12	8450	1	0	0	1	0
445900	6664	33.48	6570	1	0	0	2	0
445774	6675	17.52	12850	1	0	0	1	0
445884	6675	17.80	5750	1	0	0	1	0
445902	6682	18.67	5140	1	0	0	1	0
445905	6687	26.83	5470	1	0	0	1	0
445312	6690	107.15	84000	2	0	0	1	0
443211	6690	43.88	22850	1	0	0	1	0
443473	6690	0.03	20070	1	0	0	1	0
444629	6690	0.00	9500	1	0	0	1	0
444047	6705	28.75	15860	1	0	0	1	0
445777	6720	28.38	19310	1	0	0	1	0
444245	6720	24.88	27300	2	0	0	1	0
445912	6720	58.02	12950	1	0	0	1	0
445194	6730	45.38	20000	1	0	0	4	0
444653	6735	61.77	7500	1	0	0	4	0
445929	6754	0.05	20300	1	0	0	1	0
445930	6756	23.80	19970	1	0	0	4	0
445934	6762	107.67	24350	1	0	0	1	0
445924	6777	11.95	4370	1	0	0	1	0
445935	6778	51.75	15040	1	0	0	1	0
445898	6780	16.12	7520	1	0	0	1	0
445901	6780	37.55	24620	3	0	0	1	0
445848	6780	26.47	20440	1	0	0	4	0
445923	6780	23.00	5580	1	0	0	2	0
445806	6780	0.10	10750	1	0	0	1	0
445940	6788	106.58	28230	1	0	0	1	0
445843	6795	42.25	11630	1	0	0	4	0
445894	6800	26.45	11830	1	0	0	1	0
381879	6810	13.40	5940	1	0	0	1	0
445885	6810	40.98	19900	1	0	0	1	0
445592	6815	71.35	26830	1	0	0	1	0
445939	6816	57.15	19710	1	0	0	1	0
445910	6825	3.58	19190	1	0	0	1	0
445736	6825	92.50	30100	1	0	0	1	0
445987	6830	101.02	15700	1	0	0	2	0
445993	6831	110.88	22960	1	0	0	1	0
444996	6840	42.87	13780	1	0	0	1	0
445064	6840	56.82	18590	1	0	0	1	0
389532	6840	25.43	32000	3	0	0	1	0
445731	6840	40.00	9610	1	0	0	1	0
446000	6840	149.90	34710	1	0	0	1	0
446001	6841	0.05	28740	1	0	0	1	0
446003	6842	103.10	33670	1	0	0	4	0
445932	6855	65.90	17020	1	0	0	1	0
445970	6860	58.82	12950	1	0	0	4	0
445635	6870	0.00	25000	3	0	0	1	0
445882	6870	40.00	17760	1	0	0	1	0
446015	6874	0.02	26500	1	0	0	1	0
444322	6900	15.73	10000	2	0	0	1	0
445237	6900	29.95	18530	1	0	0	4	0
445988	6910	41.22	7560	1	0	0	1	0
445887	6915	26.88	5800	1	0	0	1	0
445903	6925	0.03	43510	1	0	0	1	0
445732	6930	30.78	6130	1	0	0	1	0
446042	6948	88.33	6570	1	0	0	1	0
446047	6955	37.80	12950	1	0	0	1	0
446045	6956	0.03	5800	1	0	0	4	0
446020	6960	10.57	6000	1	0	0	1	0
445962	6960	21.85	10210	1	0	0	1	0
446043	6960	14.85	6240	1	0	0	1	0
444960	6960	0.00	6000	1	0	0	1	0
445942	6960	51.60	14050	1	0	0	1	0
445969	6970	61.27	30870	1	0	0	1	0
443088	6985	32.92	22750	1	0	0	4	0
446048	6990	21.73	6900	1	0	0	1	0
445937	6990	38.77	9100	1	0	0	1	0
445876	6990	49.48	16480	1	0	0	1	0
445430	6990	18.87	6460	1	0	0	1	0
445936	7000	37.78	19120	1	0	0	1	0
446006	7005	16.48	10850	1	0	0	1	0
445878	7015	14.12	15010	1	0	0	1	0
445911	7020	0.17	30860	1	0	0	1	0
446050	7020	27.25	13010	1	0	0	1	0
445106	7020	9.20	4260	1	0	0	4	0
444095	7020	40.03	10310	1	0	0	1	0
446068	7023	100.00	39550	1	0	0	1	0
444902	7040	29.75	17990	1	0	0	1	0
445921	7045	27.75	20620	1	0	0	1	0
444134	7065	36.05	11190	1	0	0	1	0
445999	7065	13.48	5650	1	0	0	4	0
446071	7066	16.30	11680	1	0	0	1	0
446075	7067	34.87	8220	1	0	0	1	0
446037	7070	64.30	17750	1	0	0	1	0
445024	7070	36.45	14510	1	0	0	1	0
444406	7070	30.90	9870	1	0	0	1	0
444546	7080	28.73	21470	1	0	0	1	0
444108	7080	15.12	10920	1	0	0	4	0
436501	7080	19.75	8000	2	0	0	1	0
445976	7080	40.80	11850	1	0	0	1	0
445938	7080	46.28	13720	1	0	0	1	0
445897	7095	25.85	9570	1	0	0	1	0
444363	7095	0.10	17920	1	0	0	1	0
445899	7095	33.45	24960	1	0	0	4	0
444172	7095	13.03	18590	1	0	0	1	0
446007	7095	16.00	10590	1	0	0	1	0
444290	7100	11.97	5030	1	0	0	1	0
445381	7110	20.72	12020	1	0	0	1	0
444298	7110	12.65	5980	1	0	0	1	0
444303	7110	26.22	14010	1	0	0	1	0
446005	7110	61.47	13280	1	0	0	1	0
446072	7110	12.73	5030	1	0	0	1	0
446073	7110	0.03	4590	1	0	0	1	0
444246	7140	43.62	27760	1	0	0	1	0
446069	7150	39.77	15840	1	0	0	1	0
446078	7150	22.93	9210	1	0	0	1	0
445697	7155	29.53	15260	1	0	0	1	0
445906	7155	16.25	6020	1	0	0	1	0
445986	7155	19.58	8110	1	0	0	1	0
444329	7155	14.15	7220	1	0	0	1	0
445669	7160	28.03	12730	1	0	0	1	0
445047	7160	22.33	9320	1	0	0	4	0
445933	7170	188.52	12210	1	0	0	1	0
443505	7170	20.28	7230	1	0	0	1	0
446067	7170	47.98	19050	1	0	0	1	0
446008	7170	1438.77	10640	1	0	0	1	0
446086	7175	25.75	10970	1	0	0	4	0
445229	7178	0.00	26140	1	0	0	1	0
444225	7195	14.65	4590	1	0	0	1	0
444503	7195	0.00	8950	1	0	0	1	0
444511	7195	0.02	22750	1	0	0	1	0
444516	7195	29.40	15290	1	0	0	1	0
444412	7199	34.23	18650	1	0	0	1	0
446079	7199	26.15	8220	1	0	0	1	0
443713	7230	0.03	5800	1	0	0	1	0
446095	7245	11.78	5030	1	0	0	1	0
446096	7254	10.67	3600	1	0	0	1	0
446065	7260	23.55	17030	1	0	0	1	0
445118	7260	12.67	5140	1	0	0	1	0
446090	7290	30.22	14630	1	0	0	1	0
446099	7304	18.37	6460	1	0	0	1	0
446094	7320	0.02	5360	1	0	0	1	0
445961	7335	13.23	29000	2	0	0	1	0
443516	7350	11.65	4480	1	0	0	1	0
444826	7360	41.98	19050	1	0	0	1	0
443108	7370	24.85	23500	1	0	0	1	0
446019	7455	30.70	28210	1	0	0	1	0
446098	7470	23.72	11030	1	0	0	1	0
446101	7489	49.25	10970	1	0	0	1	0
443815	7515	18.28	11250	1	0	0	1	0
446102	7532	13.85	5580	1	0	0	1	0
446100	7560	12.88	7190	1	0	0	1	0
446038	7560	23.92	18940	1	0	0	4	0
446056	7560	25.90	18000	1	0	0	1	0
446061	7560	33.33	24910	1	0	0	1	0
446041	7575	24.82	18700	1	0	0	1	0
446076	7575	20.63	17220	1	0	0	1	0
446089	7590	45.78	15370	1	0	0	1	0
445963	7590	5.95	2830	1	0	0	1	0
446097	7590	11.42	4590	1	0	0	1	0
443742	7590	33.15	21950	1	0	0	1	0
445941	7590	19.63	11280	1	0	0	1	0
446070	7590	21.63	11770	1	0	0	1	0
445433	7590	20.77	5690	1	0	0	1	0
446074	7590	15.83	6680	1	0	0	1	0
445837	7620	25.00	8550	1	0	0	1	0
444622	7620	9.62	7080	1	0	0	1	0
445908	7620	27.10	10310	1	0	0	1	0
446103	7620	16.80	7010	1	0	0	1	0
446106	7620	9.12	4370	1	0	0	4	0
444927	7620	22.63	18500	1	0	0	1	0
446023	7635	21.38	8110	1	0	0	1	0
446104	7635	18.63	15290	1	0	0	1	0
446105	7635	26.67	9870	1	0	0	1	0
446108	7635	27.53	16240	1	0	0	1	0
446107	7650	15.10	8800	1	0	0	1	0
446109	7680	16.58	5470	1	0	0	1	0
446110	7700	0.03	4260	1	0	0	1	0
446111	7715	22.38	19820	1	0	0	1	0
446112	7745	35.90	25460	1	0	0	1	0
445872	7820	31.05	17000	1	0	0	1	0
444950	7845	29.10	18200	1	0	0	1	0
446120	7852	34.30	29970	1	0	0	1	0
446113	7860	28.57	16080	1	0	0	4	0
446114	7860	28.67	11590	1	0	0	1	0
446115	7860	2.87	7590	1	0	0	1	0
446116	7860	82.17	19880	1	0	0	1	0
446121	7924	114.62	38300	1	0	0	4	0
445877	7950	774.88	23990	1	0	0	1	0
444080	8100	23.87	19000	1	0	0	1	0
446128	8100	8.12	16520	2	0	0	4	0
445859	8200	0.10	20000	1	0	0	1	0
445221	8235	18.03	16330	1	0	0	1	0
446119	8265	39.93	18720	1	0	0	1	0
446138	8300	18.82	5250	1	0	0	1	0
446130	8325	21.68	18450	1	0	0	1	0
446144	8330	89.28	21050	1	0	0	1	0
446139	8339	66.10	35150	2	0	0	1	0
446147	8360	55.08	13280	1	0	0	1	0
445784	8360	0.03	24490	1	0	0	1	0
446137	8365	39.33	13730	1	0	0	1	0
446143	8490	18.60	5690	1	0	0	1	0
446145	8520	53.43	13720	1	0	0	1	0
446146	8520	19.15	10370	1	0	0	4	0
446152	8520	18.82	11650	1	0	0	1	0
436502	8520	16.98	8000	2	0	0	1	0
446140	8520	52.87	17200	1	0	0	1	0
446141	8520	23.60	12970	1	0	0	1	0
446149	8535	25.27	19310	1	0	0	1	0
446158	8540	0.03	4590	1	0	0	1	0
445860	8555	40.35	19000	1	0	0	1	0
446156	8565	1410.52	6790	1	0	0	1	0
443583	8575	46.53	21200	1	0	0	1	0
445954	8595	44.50	20260	1	0	0	1	0
446148	8595	0.05	14600	1	0	0	1	0
446151	8595	24.60	8220	1	0	0	1	0
445670	8600	30.12	12840	1	0	0	4	0
443506	8610	14.75	6350	1	0	0	1	0
446117	8625	58.70	19420	1	0	0	1	0
445953	8639	57.45	17040	1	0	0	1	0
446159	8639	40.00	17000	1	0	0	1	0
444583	8639	62.60	17620	1	0	0	4	0
443517	8660	14.60	5030	1	0	0	1	0
446164	8679	8.82	2940	1	0	0	1	0
445025	8700	20.50	12240	1	0	0	1	0
446136	8720	41.38	20000	1	0	0	1	0
446165	8762	0.02	16080	1	0	0	1	0
446166	8765	40.00	14270	1	0	0	1	0
446169	8780	12.23	6680	1	0	0	4	0
446163	8790	48.47	16340	1	0	0	1	0
445749	8810	55.63	17000	1	0	0	1	0
446170	8828	26.03	8990	1	0	0	1	0
445943	8880	22.12	14510	1	0	0	4	0
446171	8895	0.07	12190	1	0	0	1	0
445931	8925	40.73	24910	1	0	0	1	0
446129	8933	48.87	30500	1	0	0	1	0
434546	8970	21.52	19670	1	0	0	4	0
446132	8970	28.00	16000	1	0	0	1	0
446122	9015	17.33	13360	1	0	0	1	0
446160	9030	0.08	6460	1	0	0	1	0
446118	9030	19.48	8330	1	0	0	1	0
445781	9035	29.87	29470	1	0	0	1	0
446162	9050	26.95	17000	1	0	0	1	0
446052	9055	18.50	11740	1	0	0	1	0
445838	9060	25.22	8880	1	0	0	4	0
445909	9060	0.03	10200	1	0	0	1	0
446049	9060	0.90	11770	1	0	0	1	0
446051	9060	18.18	11440	1	0	0	1	0
446054	9060	29.65	16200	1	0	0	1	0
446057	9060	29.43	5910	1	0	0	1	0
446062	9060	33.65	8660	1	0	0	2	0
445956	9080	16.72	15910	1	0	0	1	0
445957	9080	0.02	7450	1	0	0	1	0
446173	9100	30.40	12840	1	0	0	2	0
445955	9120	0.05	11850	1	0	0	1	0
446168	9120	35.72	16360	1	0	0	1	0
446155	9210	0.07	15000	1	0	0	1	0
446150	9240	34.65	25270	1	0	0	1	0
445907	9240	24.35	16220	1	0	0	1	0
444276	9240	16.07	13190	1	0	0	1	0
446180	9291	35.87	8000	1	0	0	1	0
446161	9300	28.98	25750	1	0	0	2	0
446182	9381	71.25	26530	1	0	0	1	0
444317	9390	28.88	16630	1	0	0	1	0
446154	9405	56.57	17100	1	0	0	1	0
446188	9435	44.55	32060	1	0	0	1	0
446181	9450	24.72	16880	1	0	0	1	0
440302	9450	28.25	14400	1	0	0	2	0
446179	9480	16.35	16740	1	0	0	1	0
444312	9500	40.72	19930	1	0	0	1	0
446153	9510	35.88	22660	1	0	0	1	0
446183	9510	28.20	25520	1	0	0	1	0
446185	9510	0.03	15770	1	0	0	1	0
446175	9525	22.08	17820	1	0	0	1	0
445952	9545	47.70	16630	1	0	0	1	0
445849	9585	32.98	24700	1	0	0	2	0
446125	9590	16.72	13190	1	0	0	1	0
446157	9660	16.12	14790	1	0	0	1	0
445846	9660	0.02	16440	1	0	0	1	0
446053	9660	0.10	14050	1	0	0	1	0
446058	9660	18.92	6570	1	0	0	1	0
446060	9660	0.05	4700	1	0	0	2	0
446066	9660	38.33	15540	1	0	0	1	0
445845	9770	0.40	20240	1	0	0	1	0
446207	9780	10.13	8000	1	0	0	2	0
445844	9795	30.85	23380	1	0	0	1	0
446214	9810	45.38	11850	1	0	0	1	0
445511	9810	24.20	18260	1	0	0	1	0
445836	9810	20.28	17210	1	0	0	1	0
446232	9831	0.40	16040	1	0	0	1	0
446242	9856	41.80	22460	1	0	0	1	0
446215	9870	14.05	4810	1	0	0	1	0
446223	9870	25.08	6020	1	0	0	1	0
446174	9870	10.78	3820	1	0	0	1	0
446184	9930	40.00	21000	2	0	0	1	0
445840	9960	0.17	10090	1	0	0	1	0
446231	9960	46.72	16430	1	0	0	1	0
436503	9960	1347.43	8000	2	0	0	1	0
444584	9960	0.05	17510	1	0	0	1	0
446249	9960	9.33	3930	1	0	0	1	0
446187	9960	26.43	18610	1	0	0	1	0
446254	9960	18.05	12090	1	0	0	1	0
446256	9960	23.30	6900	1	0	0	1	0
444315	9995	25.85	25550	2	0	0	1	0
446063	10020	0.02	11630	1	0	0	1	0
446064	10020	26.12	17550	1	0	0	1	0
443508	10020	25.52	9210	1	0	0	1	0
446135	10020	36.67	14000	1	0	0	1	0
446281	10030	1409.73	4700	1	0	0	1	0
446212	10040	25.05	16120	1	0	0	1	0
445960	10040	13.48	6350	1	0	0	1	0
446266	10040	54.50	8990	1	0	0	1	0
445959	10079	86.30	11960	1	0	0	1	0
446142	10079	22.25	13630	1	0	0	1	0